 1.00000000e+03  1.96363631e-01 -1.62583686e-07 
 1.04712855e+03  1.96363631e-01 -1.70246019e-07 
 1.09647820e+03  1.96363631e-01 -1.78269466e-07 
 1.14815362e+03  1.96363631e-01 -1.86671047e-07 
 1.20226443e+03  1.96363631e-01 -1.95468583e-07 
 1.25892541e+03  1.96363631e-01 -2.04680733e-07 
 1.31825674e+03  1.96363631e-01 -2.14327039e-07 
 1.38038426e+03  1.96363631e-01 -2.24427961e-07 
 1.44543977e+03  1.96363631e-01 -2.35004925e-07 
 1.51356125e+03  1.96363631e-01 -2.46080366e-07 
 1.58489319e+03  1.96363631e-01 -2.57677776e-07 
 1.65958691e+03  1.96363631e-01 -2.69821756e-07 
 1.73780083e+03  1.96363631e-01 -2.82538063e-07 
 1.81970086e+03  1.96363631e-01 -2.95853672e-07 
 1.90546072e+03  1.96363631e-01 -3.09796826e-07 
 1.99526231e+03  1.96363631e-01 -3.24397101e-07 
 2.08929613e+03  1.96363631e-01 -3.39685465e-07 
 2.18776162e+03  1.96363631e-01 -3.55694348e-07 
 2.29086765e+03  1.96363631e-01 -3.72457706e-07 
 2.39883292e+03  1.96363631e-01 -3.90011097e-07 
 2.51188643e+03  1.96363631e-01 -4.08391754e-07 
 2.63026799e+03  1.96363631e-01 -4.27638664e-07 
 2.75422870e+03  1.96363631e-01 -4.47792653e-07 
 2.88403150e+03  1.96363631e-01 -4.68896471e-07 
 3.01995172e+03  1.96363631e-01 -4.90994881e-07 
 3.16227766e+03  1.96363631e-01 -5.14134757e-07 
 3.31131121e+03  1.96363631e-01 -5.38365181e-07 
 3.46736850e+03  1.96363631e-01 -5.63737551e-07 
 3.63078055e+03  1.96363631e-01 -5.90305683e-07 
 3.80189396e+03  1.96363631e-01 -6.18125932e-07 
 3.98107171e+03  1.96363631e-01 -6.47257310e-07 
 4.16869383e+03  1.96363631e-01 -6.77761607e-07 
 4.36515832e+03  1.96363631e-01 -7.09703528e-07 
 4.57088190e+03  1.96363631e-01 -7.43150825e-07 
 4.78630092e+03  1.96363631e-01 -7.78174444e-07 
 5.01187234e+03  1.96363631e-01 -8.14848676e-07 
 5.24807460e+03  1.96363631e-01 -8.53251311e-07 
 5.49540874e+03  1.96363631e-01 -8.93463806e-07 
 5.75439937e+03  1.96363631e-01 -9.35571458e-07 
 6.02559586e+03  1.96363631e-01 -9.79663582e-07 
 6.30957344e+03  1.96363631e-01 -1.02583370e-06 
 6.60693448e+03  1.96363631e-01 -1.07417976e-06 
 6.91830971e+03  1.96363631e-01 -1.12480429e-06 
 7.24435960e+03  1.96363631e-01 -1.17781468e-06 
 7.58577575e+03  1.96363631e-01 -1.23332338e-06 
 7.94328235e+03  1.96363631e-01 -1.29144812e-06 
 8.31763771e+03  1.96363631e-01 -1.35231219e-06 
 8.70963590e+03  1.96363631e-01 -1.41604470e-06 
 9.12010839e+03  1.96363631e-01 -1.48278083e-06 
 9.54992586e+03  1.96363631e-01 -1.55266214e-06 
 1.00000000e+04  1.96363631e-01 -1.62583686e-06 
 1.04712855e+04  1.96363631e-01 -1.70246019e-06 
 1.09647820e+04  1.96363631e-01 -1.78269466e-06 
 1.14815362e+04  1.96363631e-01 -1.86671047e-06 
 1.20226443e+04  1.96363631e-01 -1.95468583e-06 
 1.25892541e+04  1.96363631e-01 -2.04680733e-06 
 1.31825674e+04  1.96363631e-01 -2.14327039e-06 
 1.38038426e+04  1.96363631e-01 -2.24427961e-06 
 1.44543977e+04  1.96363631e-01 -2.35004925e-06 
 1.51356125e+04  1.96363631e-01 -2.46080366e-06 
 1.58489319e+04  1.96363631e-01 -2.57677776e-06 
 1.65958691e+04  1.96363631e-01 -2.69821756e-06 
 1.73780083e+04  1.96363631e-01 -2.82538063e-06 
 1.81970086e+04  1.96363631e-01 -2.95853672e-06 
 1.90546072e+04  1.96363631e-01 -3.09796826e-06 
 1.99526231e+04  1.96363631e-01 -3.24397101e-06 
 2.08929613e+04  1.96363631e-01 -3.39685465e-06 
 2.18776162e+04  1.96363631e-01 -3.55694348e-06 
 2.29086765e+04  1.96363631e-01 -3.72457706e-06 
 2.39883292e+04  1.96363631e-01 -3.90011097e-06 
 2.51188643e+04  1.96363630e-01 -4.08391754e-06 
 2.63026799e+04  1.96363630e-01 -4.27638664e-06 
 2.75422870e+04  1.96363630e-01 -4.47792653e-06 
 2.88403150e+04  1.96363630e-01 -4.68896471e-06 
 3.01995172e+04  1.96363630e-01 -4.90994881e-06 
 3.16227766e+04  1.96363630e-01 -5.14134756e-06 
 3.31131121e+04  1.96363630e-01 -5.38365181e-06 
 3.46736850e+04  1.96363630e-01 -5.63737550e-06 
 3.63078055e+04  1.96363630e-01 -5.90305682e-06 
 3.80189396e+04  1.96363630e-01 -6.18125932e-06 
 3.98107171e+04  1.96363630e-01 -6.47257310e-06 
 4.16869383e+04  1.96363630e-01 -6.77761607e-06 
 4.36515832e+04  1.96363630e-01 -7.09703527e-06 
 4.57088190e+04  1.96363630e-01 -7.43150824e-06 
 4.78630092e+04  1.96363630e-01 -7.78174443e-06 
 5.01187234e+04  1.96363630e-01 -8.14848675e-06 
 5.24807460e+04  1.96363630e-01 -8.53251310e-06 
 5.49540874e+04  1.96363630e-01 -8.93463805e-06 
 5.75439937e+04  1.96363630e-01 -9.35571457e-06 
 6.02559586e+04  1.96363630e-01 -9.79663581e-06 
 6.30957344e+04  1.96363630e-01 -1.02583370e-05 
 6.60693448e+04  1.96363630e-01 -1.07417976e-05 
 6.91830971e+04  1.96363630e-01 -1.12480429e-05 
 7.24435960e+04  1.96363630e-01 -1.17781468e-05 
 7.58577575e+04  1.96363630e-01 -1.23332338e-05 
 7.94328235e+04  1.96363630e-01 -1.29144812e-05 
 8.31763771e+04  1.96363630e-01 -1.35231219e-05 
 8.70963590e+04  1.96363630e-01 -1.41604470e-05 
 9.12010839e+04  1.96363630e-01 -1.48278083e-05 
 9.54992586e+04  1.96363630e-01 -1.55266214e-05 
 1.00000000e+05  1.96363630e-01 -1.62583685e-05 
 1.04712855e+05  1.96363629e-01 -1.70246018e-05 
 1.09647820e+05  1.96363629e-01 -1.78269465e-05 
 1.14815362e+05  1.96363629e-01 -1.86671046e-05 
 1.20226443e+05  1.96363629e-01 -1.95468582e-05 
 1.25892541e+05  1.96363629e-01 -2.04680732e-05 
 1.31825674e+05  1.96363629e-01 -2.14327038e-05 
 1.38038426e+05  1.96363629e-01 -2.24427960e-05 
 1.44543977e+05  1.96363628e-01 -2.35004923e-05 
 1.51356125e+05  1.96363628e-01 -2.46080364e-05 
 1.58489319e+05  1.96363628e-01 -2.57677774e-05 
 1.65958691e+05  1.96363628e-01 -2.69821753e-05 
 1.73780083e+05  1.96363627e-01 -2.82538060e-05 
 1.81970086e+05  1.96363627e-01 -2.95853669e-05 
 1.90546072e+05  1.96363627e-01 -3.09796822e-05 
 1.99526231e+05  1.96363626e-01 -3.24397096e-05 
 2.08929613e+05  1.96363626e-01 -3.39685460e-05 
 2.18776162e+05  1.96363626e-01 -3.55694342e-05 
 2.29086765e+05  1.96363625e-01 -3.72457699e-05 
 2.39883292e+05  1.96363625e-01 -3.90011089e-05 
 2.51188643e+05  1.96363624e-01 -4.08391744e-05 
 2.63026799e+05  1.96363623e-01 -4.27638653e-05 
 2.75422870e+05  1.96363623e-01 -4.47792641e-05 
 2.88403150e+05  1.96363622e-01 -4.68896457e-05 
 3.01995172e+05  1.96363621e-01 -4.90994865e-05 
 3.16227766e+05  1.96363620e-01 -5.14134738e-05 
 3.31131121e+05  1.96363619e-01 -5.38365160e-05 
 3.46736850e+05  1.96363618e-01 -5.63737526e-05 
 3.63078055e+05  1.96363617e-01 -5.90305655e-05 
 3.80189396e+05  1.96363616e-01 -6.18125900e-05 
 3.98107171e+05  1.96363614e-01 -6.47257273e-05 
 4.16869383e+05  1.96363613e-01 -6.77761565e-05 
 4.36515832e+05  1.96363611e-01 -7.09703479e-05 
 4.57088190e+05  1.96363609e-01 -7.43150769e-05 
 4.78630092e+05  1.96363607e-01 -7.78174380e-05 
 5.01187234e+05  1.96363605e-01 -8.14848602e-05 
 5.24807460e+05  1.96363602e-01 -8.53251227e-05 
 5.49540874e+05  1.96363600e-01 -8.93463709e-05 
 5.75439937e+05  1.96363597e-01 -9.35571347e-05 
 6.02559586e+05  1.96363593e-01 -9.79663455e-05 
 6.30957344e+05  1.96363590e-01 -1.02583356e-04 
 6.60693448e+05  1.96363586e-01 -1.07417959e-04 
 6.91830971e+05  1.96363582e-01 -1.12480410e-04 
 7.24435960e+05  1.96363577e-01 -1.17781446e-04 
 7.58577575e+05  1.96363572e-01 -1.23332312e-04 
 7.94328235e+05  1.96363566e-01 -1.29144783e-04 
 8.31763771e+05  1.96363560e-01 -1.35231186e-04 
 8.70963590e+05  1.96363553e-01 -1.41604432e-04 
 9.12010839e+05  1.96363546e-01 -1.48278039e-04 
 9.54992586e+05  1.96363537e-01 -1.55266164e-04 
 1.00000000e+06  1.96363528e-01 -1.62583627e-04 
 1.04712855e+06  1.96363518e-01 -1.70245952e-04 
 1.09647820e+06  1.96363508e-01 -1.78269389e-04 
 1.14815362e+06  1.96363496e-01 -1.86670959e-04 
 1.20226443e+06  1.96363483e-01 -1.95468482e-04 
 1.25892541e+06  1.96363469e-01 -2.04680617e-04 
 1.31825674e+06  1.96363453e-01 -2.14326906e-04 
 1.38038426e+06  1.96363436e-01 -2.24427808e-04 
 1.44543977e+06  1.96363417e-01 -2.35004749e-04 
 1.51356125e+06  1.96363396e-01 -2.46080164e-04 
 1.58489319e+06  1.96363374e-01 -2.57677545e-04 
 1.65958691e+06  1.96363349e-01 -2.69821490e-04 
 1.73780083e+06  1.96363322e-01 -2.82537758e-04 
 1.81970086e+06  1.96363292e-01 -2.95853321e-04 
 1.90546072e+06  1.96363259e-01 -3.09796423e-04 
 1.99526231e+06  1.96363224e-01 -3.24396638e-04 
 2.08929613e+06  1.96363184e-01 -3.39684934e-04 
 2.18776162e+06  1.96363141e-01 -3.55693738e-04 
 2.29086765e+06  1.96363094e-01 -3.72457006e-04 
 2.39883292e+06  1.96363042e-01 -3.90010293e-04 
 2.51188643e+06  1.96362986e-01 -4.08390830e-04 
 2.63026799e+06  1.96362923e-01 -4.27637604e-04 
 2.75422870e+06  1.96362855e-01 -4.47791436e-04 
 2.88403150e+06  1.96362780e-01 -4.68895074e-04 
 3.01995172e+06  1.96362698e-01 -4.90993277e-04 
 3.16227766e+06  1.96362608e-01 -5.14132915e-04 
 3.31131121e+06  1.96362510e-01 -5.38363066e-04 
 3.46736850e+06  1.96362402e-01 -5.63735122e-04 
 3.63078055e+06  1.96362283e-01 -5.90302895e-04 
 3.80189396e+06  1.96362153e-01 -6.18122732e-04 
 3.98107171e+06  1.96362010e-01 -6.47253635e-04 
 4.16869383e+06  1.96361854e-01 -6.77757388e-04 
 4.36515832e+06  1.96361683e-01 -7.09698683e-04 
 4.57088190e+06  1.96361495e-01 -7.43145262e-04 
 4.78630092e+06  1.96361289e-01 -7.78168057e-04 
 5.01187234e+06  1.96361063e-01 -8.14841343e-04 
 5.24807460e+06  1.96360815e-01 -8.53242891e-04 
 5.49540874e+06  1.96360544e-01 -8.93454140e-04 
 5.75439937e+06  1.96360246e-01 -9.35560359e-04 
 6.02559586e+06  1.96359919e-01 -9.79650839e-04 
 6.30957344e+06  1.96359561e-01 -1.02581907e-03 
 6.60693448e+06  1.96359169e-01 -1.07416296e-03 
 6.91830971e+06  1.96358738e-01 -1.12478500e-03 
 7.24435960e+06  1.96358266e-01 -1.17779254e-03 
 7.58577575e+06  1.96357749e-01 -1.23329795e-03 
 7.94328235e+06  1.96357181e-01 -1.29141893e-03 
 8.31763771e+06  1.96356559e-01 -1.35227868e-03 
 8.70963590e+06  1.96355877e-01 -1.41600622e-03 
 9.12010839e+06  1.96355129e-01 -1.48273665e-03 
 9.54992586e+06  1.96354308e-01 -1.55261141e-03 
 1.00000000e+07  1.96353409e-01 -1.62577861e-03 
 1.04712855e+07  1.96352423e-01 -1.70239331e-03 
 1.09647820e+07  1.96351342e-01 -1.78261788e-03 
 1.14815362e+07  1.96350156e-01 -1.86662232e-03 
 1.20226443e+07  1.96348856e-01 -1.95458461e-03 
 1.25892541e+07  1.96347431e-01 -2.04669112e-03 
 1.31825674e+07  1.96345868e-01 -2.14313696e-03 
 1.38038426e+07  1.96344154e-01 -2.24412641e-03 
 1.44543977e+07  1.96342275e-01 -2.34987336e-03 
 1.51356125e+07  1.96340215e-01 -2.46060171e-03 
 1.58489319e+07  1.96337956e-01 -2.57654589e-03 
 1.65958691e+07  1.96335479e-01 -2.69795134e-03 
 1.73780083e+07  1.96332764e-01 -2.82507497e-03 
 1.81970086e+07  1.96329786e-01 -2.95818578e-03 
 1.90546072e+07  1.96326521e-01 -3.09756533e-03 
 1.99526231e+07  1.96322941e-01 -3.24350838e-03 
 2.08929613e+07  1.96319016e-01 -3.39632349e-03 
 2.18776162e+07  1.96314712e-01 -3.55633364e-03 
 2.29086765e+07  1.96309994e-01 -3.72387688e-03 
 2.39883292e+07  1.96304820e-01 -3.89930706e-03 
 2.51188643e+07  1.96299147e-01 -4.08299454e-03 
 2.63026799e+07  1.96292927e-01 -4.27532692e-03 
 2.75422870e+07  1.96286107e-01 -4.47670984e-03 
 2.88403150e+07  1.96278630e-01 -4.68756778e-03 
 3.01995172e+07  1.96270432e-01 -4.90834496e-03 
 3.16227766e+07  1.96261443e-01 -5.13950615e-03 
 3.31131121e+07  1.96251587e-01 -5.38153764e-03 
 3.46736850e+07  1.96240782e-01 -5.63494819e-03 
 3.63078055e+07  1.96228934e-01 -5.90026999e-03 
 3.80189396e+07  1.96215945e-01 -6.17805972e-03 
 3.98107171e+07  1.96201703e-01 -6.46889961e-03 
 4.16869383e+07  1.96186089e-01 -6.77339853e-03 
 4.36515832e+07  1.96168970e-01 -7.09219313e-03 
 4.57088190e+07  1.96150202e-01 -7.42594901e-03 
 4.78630092e+07  1.96129626e-01 -7.77536195e-03 
 5.01187234e+07  1.96107067e-01 -8.14115915e-03 
 5.24807460e+07  1.96082335e-01 -8.52410048e-03 
 5.49540874e+07  1.96055222e-01 -8.92497982e-03 
 5.75439937e+07  1.96025497e-01 -9.34462637e-03 
 6.02559586e+07  1.95992912e-01 -9.78390603e-03 
 6.30957344e+07  1.95957189e-01 -1.02437228e-02 
 6.60693448e+07  1.95918030e-01 -1.07250200e-02 
 6.91830971e+07  1.95875103e-01 -1.12287820e-02 
 7.24435960e+07  1.95828047e-01 -1.17560353e-02 
 7.58577575e+07  1.95776467e-01 -1.23078501e-02 
 7.94328235e+07  1.95719930e-01 -1.28853415e-02 
 8.31763771e+07  1.95657960e-01 -1.34896710e-02 
 8.70963590e+07  1.95590038e-01 -1.41220476e-02 
 9.12010839e+07  1.95515595e-01 -1.47837293e-02 
 9.54992586e+07  1.95434009e-01 -1.54760236e-02 
 1.00000000e+08  1.95344598e-01 -1.62002892e-02 
 1.04712855e+08  1.95246618e-01 -1.69579365e-02 
 1.09647820e+08  1.95139251e-01 -1.77504279e-02 
 1.14815362e+08  1.95021607e-01 -1.85792789e-02 
 1.20226443e+08  1.94892709e-01 -1.94460577e-02 
 1.25892541e+08  1.94751492e-01 -2.03523854e-02 
 1.31825674e+08  1.94596791e-01 -2.12999349e-02 
 1.38038426e+08  1.94427333e-01 -2.22904306e-02 
 1.44543977e+08  1.94241727e-01 -2.33256462e-02 
 1.51356125e+08  1.94038457e-01 -2.44074027e-02 
 1.58489319e+08  1.93815866e-01 -2.55375656e-02 
 1.65958691e+08  1.93572148e-01 -2.67180410e-02 
 1.73780083e+08  1.93305336e-01 -2.79507709e-02 
 1.81970086e+08  1.93013283e-01 -2.92377272e-02 
 1.90546072e+08  1.92693657e-01 -3.05809044e-02 
 1.99526231e+08  1.92343915e-01 -3.19823113e-02 
 2.08929613e+08  1.91961295e-01 -3.34439602e-02 
 2.18776162e+08  1.91542799e-01 -3.49678549e-02 
 2.29086765e+08  1.91085169e-01 -3.65559760e-02 
 2.39883292e+08  1.90584876e-01 -3.82102641e-02 
 2.51188643e+08  1.90038097e-01 -3.99325999e-02 
 2.63026799e+08  1.89440698e-01 -4.17247816e-02 
 2.75422870e+08  1.88788213e-01 -4.35884986e-02 
 2.88403150e+08  1.88075827e-01 -4.55253013e-02 
 3.01995172e+08  1.87298356e-01 -4.75365667e-02 
 3.16227766e+08  1.86450228e-01 -4.96234601e-02 
 3.31131121e+08  1.85525468e-01 -5.17868902e-02 
 3.46736850e+08  1.84517687e-01 -5.40274606e-02 
 3.63078055e+08  1.83420062e-01 -5.63454141e-02 
 3.80189396e+08  1.82225336e-01 -5.87405714e-02 
 3.98107171e+08  1.80925811e-01 -6.12122637e-02 
 4.16869383e+08  1.79513352e-01 -6.37592577e-02 
 4.36515832e+08  1.77979397e-01 -6.63796749e-02 
 4.57088190e+08  1.76314974e-01 -6.90709040e-02 
 4.78630092e+08  1.74510732e-01 -7.18295067e-02 
 5.01187234e+08  1.72556983e-01 -7.46511183e-02 
 5.24807460e+08  1.70443758e-01 -7.75303435e-02 
 5.49540874e+08  1.68160878e-01 -8.04606486e-02 
 5.75439937e+08  1.65698050e-01 -8.34342525e-02 
 6.02559586e+08  1.63044973e-01 -8.64420180e-02 
 6.30957344e+08  1.60191480e-01 -8.94733476e-02 
 6.60693448e+08  1.57127697e-01 -9.25160863e-02 
 6.91830971e+08  1.53844228e-01 -9.55564364e-02 
 7.24435960e+08  1.50332369e-01 -9.85788894e-02 
 7.58577575e+08  1.46584354e-01 -1.01566181e-01 
 7.94328235e+08  1.42593616e-01 -1.04499274e-01 
 8.31763771e+08  1.38355084e-01 -1.07357381e-01 
 8.70963590e+08  1.33865491e-01 -1.10118026e-01 
 9.12010839e+08  1.29123706e-01 -1.12757163e-01 
 9.54992586e+08  1.24131057e-01 -1.15249344e-01 
 1.00000000e+09  1.18891674e-01 -1.17567961e-01 
 1.04712855e+09  1.13412796e-01 -1.19685549e-01 
 1.09647820e+09  1.07705061e-01 -1.21574159e-01 
 1.14815362e+09  1.01782755e-01 -1.23205813e-01 
 1.20226443e+09  9.56639907e-02 -1.24553009e-01 
 1.25892541e+09  8.93708205e-02 -1.25589302e-01 
 1.31825674e+09  8.29292487e-02 -1.26289923e-01 
 1.38038426e+09  7.63691403e-02 -1.26632435e-01 
 1.44543977e+09  6.97240090e-02 -1.26597399e-01 
 1.51356125e+09  6.30306782e-02 -1.26169032e-01 
 1.58489319e+09  5.63288122e-02 -1.25335821e-01 
 1.65958691e+09  4.96603210e-02 -1.24091076e-01 
 1.73780083e+09  4.30686497e-02 -1.22433384e-01 
 1.81970086e+09  3.65979686e-02 -1.20366947e-01 
 1.90546072e+09  3.02922888e-02 -1.17901766e-01 
 1.99526231e+09  2.41945332e-02 -1.15053678e-01 
 2.08929613e+09  1.83455950e-02 -1.11844200e-01 
 2.18776162e+09  1.27834232e-02 -1.08300220e-01 
 2.29086765e+09  7.54216969e-03 -1.04453499e-01 
 2.39883292e+09  2.65143465e-03 -1.00340029e-01 
 2.51188643e+09 -1.86435875e-03 -9.59992578e-02 
 2.63026799e+09 -5.98643528e-03 -9.14732067e-02 
 2.75422870e+09 -9.70196595e-03 -8.68055247e-02 
 2.88403150e+09 -1.30041846e-02 -8.20405105e-02 
 3.01995172e+09 -1.58923223e-02 -7.72221431e-02 
 3.16227766e+09 -1.83713690e-02 -7.23931583e-02 
 3.31131121e+09 -2.04516768e-02 -6.75942030e-02 
 3.46736850e+09 -2.21484309e-02 -6.28630976e-02 
 3.63078055e+09 -2.34810138e-02 -5.82342251e-02 
 3.80189396e+09 -2.44722955e-02 -5.37380636e-02 
 3.98107171e+09 -2.51478813e-02 -4.94008661e-02 
 4.16869383e+09 -2.55353488e-02 -4.52444878e-02 
 4.36515832e+09 -2.56635031e-02 -4.12863526e-02 
 4.57088190e+09 -2.55616747e-02 -3.75395450e-02 
 4.78630092e+09 -2.52590813e-02 -3.40130114e-02 
 5.01187234e+09 -2.47842673e-02 -3.07118485e-02 
 5.24807460e+09 -2.41646315e-02 -2.76376597e-02 
 5.49540874e+09 -2.34260466e-02 -2.47889556e-02 
 5.75439937e+09 -2.25925709e-02 -2.21615817e-02 
 6.02559586e+09 -2.16862478e-02 -1.97491514e-02 
 6.30957344e+09 -2.07269854e-02 -1.75434723e-02 
 6.60693448e+09 -1.97325086e-02 -1.55349514e-02 
 6.91830971e+09 -1.87183714e-02 -1.37129697e-02 
 7.24435960e+09 -1.76980192e-02 -1.20662212e-02 
 7.58577575e+09 -1.66828909e-02 -1.05830102e-02 
 7.94328235e+09 -1.56825490e-02 -9.25150748e-03 
 8.31763771e+09 -1.47048300e-02 -8.05996439e-03 
 8.70963590e+09 -1.37560059e-02 -6.99688701e-03 
 9.12010839e+09 -1.28409501e-02 -6.05117334e-03 
 9.54992586e+09 -1.19633029e-02 -5.21221690e-03 
 1.00000000e+10 -1.11256313e-02 -4.46998085e-03 
